Classification Report:
              precision    recall  f1-score   support

         三杯雞       0.71      0.86      0.78       134
        什錦炒麵       0.83      0.92      0.87       158
         咖哩雞       0.88      0.88      0.88       153
        塔香海茸       0.94      0.96      0.95       137
         大陸妹       0.74      0.66      0.70       144
        客家小炒       0.87      0.86      0.87       153
         小番茄       1.00      0.99      1.00       171
       有機小松菜       0.43      0.43      0.43       129
       有機青松菜       0.63      0.61      0.62        99
          木瓜       0.98      0.99      0.98       162
          柳丁       0.85      0.85      0.85       143
          棗子       0.98      0.97      0.97       173
          橘子       0.88      0.90      0.89       155
        沙茶肉片       0.53      0.56      0.55       128
          油菜       0.40      0.44      0.42       146
        洋蔥炒蛋       0.91      0.94      0.92       124
          滷蛋       0.97      0.97      0.97       155
         滷雞腿       0.88      0.89      0.89       169
        玉米炒蛋       0.96      0.98      0.97       138
         瓜仔肉       0.91      0.86      0.89       161
        番茄炒蛋       0.97      0.96      0.96       126
         白米飯       0.98      0.99      0.98       126
         白菜滷       0.83      0.85      0.84       119
        福山萵苣       0.26      0.35      0.30        26
         空心菜       0.88      0.79      0.83       164
        糖醋雞丁       0.70      0.73      0.72       152
       紅蘿蔔炒蛋       0.97      0.95      0.96       156
        義大利麵       0.87      0.79      0.83       165
         芥藍菜       0.70      0.71      0.71        84
          菠菜       0.70      0.74      0.72       153
          葡萄       0.99      0.98      0.99       140
        蒜泥白肉       0.78      0.66      0.72       130
          蒸蛋       0.97      0.91      0.94       127
          蓮霧       1.00      1.00      1.00       109
        螞蟻上樹       0.92      0.87      0.89       124
          西瓜       0.99      0.99      0.99       161
         豆芽菜       0.99      0.94      0.97       163
         關東煮       0.91      0.92      0.92       136
         青江菜       0.66      0.72      0.69       120
          香蕉       0.99      1.00      1.00       160
        香酥魚排       0.95      0.90      0.93       168
       馬鈴薯燉肉       0.81      0.81      0.81       139
         高麗菜       0.91      0.94      0.93       122
          鳳梨       0.99      0.99      0.99       145
         鵝白菜       0.85      0.79      0.82       141
         鹽酥雞       0.89      0.87      0.88       151
        麥克雞塊       0.92      0.98      0.95       130
        麻婆豆腐       0.89      0.87      0.88       143
         麻油雞       0.73      0.73      0.73       154
       黑胡椒豬柳       0.72      0.69      0.71       136

    accuracy                           0.85      7002
   macro avg       0.84      0.84      0.84      7002
weighted avg       0.86      0.85      0.85      7002